Trained on all data, n_iterations=10, n_hidden_states=3, sequence_length=15

Lowest probability sequences
-102.107622581: [ 17  18  16  19  20 177 178  56   0  14 131  56 115 116  57]
-101.646993168: [  0  17  18  16  19  20 177 178  56   0  14 131  56 115 116]
-99.864424973: [ 16   0  17  18  16  19  20 177 178  56   0  14 131  56 115]
-98.841153536: [ 18  16  19  20 177 178  56   0  14 131  56 115 116  57  58]
-96.0996226752: [ 14  16   0  17  18  16  19  20 177 178  56   0  14 131  56]
-95.6477408236: [ 97  98   1   2   2   3   5   6   7   8   9  10   4 100 101]
-95.6477408236: [ 97  98   1   2   2   3   5   6   7   8   9  10   4 100 101]
-95.5429289903: [179  74  75  76  81  69  19   4  11  76  21 120 121  19  19]
-95.5337264391: [131  56 115 116  57  58  59   6  68  69 179  74  75  76  81]
-95.5328828467: [ 96  97  98   1   2   2   3   5   6   7   8   9  10   4 100]
-95.5328828467: [ 96  97  98   1   2   2   3   5   6   7   8   9  10   4 100]
-95.3603649843: [115 116  57  58  59   6  68  69 179  74  75  76  81  69  19]
-95.02473696: [ 16   0  17  18  16  19  20  56   0  14 131  56 115 116  57]
-94.9033833397: [  0  17  18  16  19  20  56   0  14 131  56 115 116  57  58]
-94.1434618284: [ 56 115 116  57  58  59   6  68  69 179  74  75  76  81  69]
-93.9974059302: [ 17  18  16  19  20  56   0  14 131  56 115 116  57  58  59]
-93.8553918935: [98  1  2  2  3  5  6  7  8  9 10  4 11 12 13]
-93.8553918935: [98  1  2  2  3  5  6  7  8  9 10  4 11 12 13]
-93.7554867551: [ 98   1   2   2   3   5   6   7   8   9  10   4 100 101  11]
-93.7554867551: [ 98   1   2   2   3   5   6   7   8   9  10   4 100 101  11]
-93.7478802312: [ 16  19  20 177 178  56   0  14 131  56 115 116  57  58  59]
-93.572441491: [133  87  88 126 104  92  93  94  95   0 160  97  98   1  99]
-93.3342934213: [97 98  1  2  2  3  5  6  7  8  9 10  4 11 12]
-93.3342934213: [97 98  1  2  2  3  5  6  7  8  9 10  4 11 12]
-93.3211420618: [ 69 179  74  75  76  81  69  19   4  11  76  21 120 121  19]
-93.3044931452: [127   6   6  14  16   0  17  18  16  19  20 177 178  56   0]
-92.9283925246: [ 14 131  56 115 116  57  58  59   6  68  69 179  74  75  76]
-92.7584695186: [ 14 127   6   6  14  16   0  17  18  16  19  20 177 178  56]
-92.6627787061: [ 14  16   0  17  18  16  19  20  56   0  14 131  56 115 116]
-92.5321604353: [  6  14  16   0  17  18  16  19  20 177 178  56   0  14 131]
-92.1360646241: [ 68  69 179  74  75  76  81  69  19   4  11  76  21 120 121]
-92.0053800111: [  0  14 131  56 115 116  57  58  59   6  68  69 179  74  75]
-91.9825680689: [133  87  88 126 134  92  93  94  95   0 135  97 165   1  99]
-91.2845011974: [ 70  19  19  19  19  19  19  19 146  19  19  19  19  19  85]
-91.1552049327: [ 66  42  43  67  67  44 123  45 153 153 154  11   1   1  47]
-91.0099317701: [ 59   6  68  69 179  74  75  76  81  69  19   4  11  76  21]
-90.9577624213: [ 19  70  19  19  19  19  19  19  19 146  19  19  19  19  19]
-90.8170534239: [177 178  56   0  14 131  56 115 116  57  58  59   6  68  69]
-90.7036881759: [ 64  19  70  19  19  19  19  19  19  19 146  19  19  19  19]
-90.429071729: [ 0  0  4 97 98  1  2  2  3  5  6  7  8  9 10]
-90.429071729: [ 0  0  4 97 98  1  2  2  3  5  6  7  8  9 10]
-90.424447009: [  6  68  69 179  74  75  76  81  69  19   4  11  76  21 120]
-90.322312752: [ 20 177 178  56   0  14 131  56 115 116  57  58  59   6  68]
-90.2398936944: [ 0 96 97 98  1  2  2  3  5  6  7  8  9 10  4]
-90.2398936944: [ 0 96 97 98  1  2  2  3  5  6  7  8  9 10  4]
-90.2287932154: [ 14  14 127   6   6  14  16   0  17  18  16  19  20 177 178]
-90.1611875359: [14 16  0 17 18 16 19 20 19 19 19 19 21 22 23]
-90.135716899: [ 18  16  19  20  56   0  14 131  56 115 116  57  58  59   6]
-90.1353530327: [133  87  88 134 126  92  93  94  95   0 135  97  98   1  99]
-90.1353530327: [133  87  88 134 126  92  93  94  95   0 135  97  98   1  99]

Highest probability sequences
-37.7401664606: [32 40 26 32 26 32 27 28 24 26 32 26 32 26 32]
-37.6947349875: [32 26 32 40 26 32 27 28 24 26 32 26 32 26 32]
-37.6947349875: [32 26 32 40 26 32 27 28 24 26 32 26 32 26 32]
-37.6947349875: [32 26 32 40 26 32 27 28 24 26 32 26 32 26 32]
-37.6947349875: [32 26 32 40 26 32 27 28 24 26 32 26 32 26 32]
-37.6947349875: [32 26 32 40 26 32 27 28 24 26 32 26 32 26 32]
-37.6947349875: [32 26 32 40 26 32 27 28 24 26 32 26 32 26 32]
-37.6887359882: [32 26 32 26 32 26 32 40 26 32 27 28 24 26 32]
-37.6887359882: [32 26 32 26 32 26 32 40 26 32 27 28 24 26 32]
-37.6887359882: [32 26 32 26 32 26 32 40 26 32 27 28 24 26 32]
-37.6887359882: [32 26 32 26 32 26 32 40 26 32 27 28 24 26 32]
-37.6887359882: [32 26 32 26 32 26 32 40 26 32 27 28 24 26 32]
-37.6887359882: [32 26 32 26 32 26 32 40 26 32 27 28 24 26 32]
-37.6887359882: [32 26 32 26 32 26 32 40 26 32 27 28 24 26 32]
-37.6886305532: [32 26 32 26 32 40 26 32 27 28 24 26 32 26 32]
-37.6886305532: [32 26 32 26 32 40 26 32 27 28 24 26 32 26 32]
-37.6886305532: [32 26 32 26 32 40 26 32 27 28 24 26 32 26 32]
-37.6886305532: [32 26 32 26 32 40 26 32 27 28 24 26 32 26 32]
-37.6886305532: [32 26 32 26 32 40 26 32 27 28 24 26 32 26 32]
-37.6886305532: [32 26 32 26 32 40 26 32 27 28 24 26 32 26 32]
-37.6875819593: [32 26 32 40 26 32 26 32 27 28 24 26 32 26 32]
-37.6875819593: [32 26 32 40 26 32 26 32 27 28 24 26 32 26 32]
-37.6821132885: [32 26 32 26 32 40 26 32 26 32 27 28 24 26 32]
-37.6821132885: [32 26 32 26 32 40 26 32 26 32 27 28 24 26 32]
-37.6797671564: [32 27 28 24 26 32 40 26 32 26 32 26 32 26 32]
-37.6754820547: [32 27 28 24 26 32 26 32 40 26 32 26 32 26 32]
-37.6754820547: [32 27 28 24 26 32 26 32 40 26 32 26 32 26 32]
-37.6715396081: [32 26 32 27 28 24 26 32 40 26 32 26 32 26 32]
-37.6598238539: [32 27 28 24 26 32 26 32 26 32 40 26 32 26 32]
-37.6598238539: [32 27 28 24 26 32 26 32 26 32 40 26 32 26 32]
-37.6598238539: [32 27 28 24 26 32 26 32 26 32 40 26 32 26 32]
-37.6598238539: [32 27 28 24 26 32 26 32 26 32 40 26 32 26 32]
-37.6574476412: [32 26 32 26 32 27 28 24 26 32 40 26 32 26 32]
-37.6574476412: [32 26 32 26 32 27 28 24 26 32 40 26 32 26 32]
-37.6551596551: [32 26 32 27 28 24 26 32 26 32 40 26 32 26 32]
-37.6551596551: [32 26 32 27 28 24 26 32 26 32 40 26 32 26 32]
-37.6147351407: [32 40 26 32 26 32 26 32 26 32 40 26 32 26 32]
-37.589912846: [32 27 28 24 26 32 26 32 26 32 26 32 40 26 32]
-37.5886105497: [32 26 32 26 32 26 32 27 28 24 26 32 40 26 32]
-37.5850429247: [32 26 32 27 28 24 26 32 26 32 26 32 40 26 32]
-37.5378677114: [32 26 32 40 27 28 24 26 32 26 32 26 32 26 32]
-37.5378677114: [32 26 32 40 27 28 24 26 32 26 32 26 32 26 32]
-37.5378677114: [32 26 32 40 27 28 24 26 32 26 32 26 32 26 32]
-37.5348798392: [32 26 32 26 32 40 27 28 24 26 32 26 32 26 32]
-37.5347159883: [32 26 32 26 32 26 32 40 27 28 24 26 32 26 32]
-37.4908919009: [32 26 32 40 26 32 26 32 26 32 26 32 40 26 32]
-37.0113742694: [32 26 32 26 32 40 26 32 26 32 26 32 26 32 40]
-36.1952682204: [24 26 32 26 32 26 32 40 26 32 26 32 26 32 26]
-36.1869950358: [24 26 32 26 32 26 32 26 32 40 26 32 26 32 26]
-35.5133933313: [32 26 32 26 32 26 32 40 26 32 26 32 26 32 26]
