Trained on all data, n_iterations=10, n_hidden_states=2, sequence_length=15

Lowest probability sequences
-99.5006975516: [131  56 115 116  57  58  59   6  68  69 179  74  75  76  81]
-98.7801459892: [ 17  18  16  19  20 177 178  56   0  14 131  56 115 116  57]
-98.6097496325: [ 16   0  17  18  16  19  20 177 178  56   0  14 131  56 115]
-97.5165611359: [179  74  75  76  81  69  19   4  11  76  21 120 121  19  19]
-96.6888625552: [ 19  70  19  19  19  19  19  19  19 146  19  19  19  19  19]
-96.4816582218: [ 70  19  19  19  19  19  19  19 146  19  19  19  19  19  85]
-96.1514491058: [ 64  19  70  19  19  19  19  19  19  19 146  19  19  19  19]
-96.0688987202: [ 69 179  74  75  76  81  69  19   4  11  76  21 120 121  19]
-95.9742606709: [  0  17  18  16  19  20 177 178  56   0  14 131  56 115 116]
-95.7636451865: [  2   2   3   5   6   7   8   9  10   4 100 101  11  12  13]
-95.7636451865: [  2   2   3   5   6   7   8   9  10   4 100 101  11  12  13]
-95.4495653361: [115 116  57  58  59   6  68  69 179  74  75  76  81  69  19]
-94.9633199348: [ 97  98   1   2   2   3   5   6   7   8   9  10   4 100 101]
-94.9633199348: [ 97  98   1   2   2   3   5   6   7   8   9  10   4 100 101]
-94.9550746798: [ 19  19  19  19  19  19  19 146  19  19  19  19  19  85  86]
-94.7773070107: [  2   3   5   6   7   8   9  10   4 100 101  11  12  13   6]
-94.7773070107: [  2   3   5   6   7   8   9  10   4 100 101  11  12  13   6]
-94.6807274641: [  1   2   2   3   5   6   7   8   9  10   4 100 101  11  12]
-94.6807274641: [  1   2   2   3   5   6   7   8   9  10   4 100 101  11  12]
-94.5460398385: [ 58  59   6  68  69 179  74  75  76  81  69  19   4  11  76]
-94.0781794714: [ 68  69 179  74  75  76  81  69  19   4  11  76  21 120 121]
-93.9316397182: [ 32  64  19  70  19  19  19  19  19  19  19 146  19  19  19]
-93.7374698537: [ 18  16  19  20 177 178  56   0  14 131  56 115 116  57  58]
-93.4907791502: [ 1  2  2  3  5  6  7  8  9 10  4 11 12 13  6]
-93.4907791502: [ 1  2  2  3  5  6  7  8  9 10  4 11 12 13  6]
-93.2128022743: [ 56 115 116  57  58  59   6  68  69 179  74  75  76  81  69]
-93.1594097515: [ 16  19  20 177 178  56   0  14 131  56 115 116  57  58  59]
-93.0447390936: [  6  68  69 179  74  75  76  81  69  19   4  11  76  21 120]
-92.9712245598: [98  1  2  2  3  5  6  7  8  9 10  4 11 12 13]
-92.9712245598: [98  1  2  2  3  5  6  7  8  9 10  4 11 12 13]
-92.9183356324: [127   6   6  14  16   0  17  18  16  19  20 177 178  56   0]
-92.7892396768: [ 98   1   2   2   3   5   6   7   8   9  10   4 100 101  11]
-92.7892396768: [ 98   1   2   2   3   5   6   7   8   9  10   4 100 101  11]
-92.7604716078: [97 98  1  2  2  3  5  6  7  8  9 10  4 11 12]
-92.7604716078: [97 98  1  2  2  3  5  6  7  8  9 10  4 11 12]
-92.6023831606: [ 16   0  17  18  16  19  20  56   0  14 131  56 115 116  57]
-92.5657464504: [ 14  16   0  17  18  16  19  20 177 178  56   0  14 131  56]
-92.5127442026: [ 96  97  98   1   2   2   3   5   6   7   8   9  10   4 100]
-92.5127442026: [ 96  97  98   1   2   2   3   5   6   7   8   9  10   4 100]
-92.4082643621: [  6  14  16   0  17  18  16  19  20 177 178  56   0  14 131]
-92.3381809804: [ 19  19  19  19  19  19 146  19  19  19  19  19  85  86   0]
-92.200389039: [121  19  19  19  19  19  19  19  19  19  19  19  19  19  19]
-92.0846635564: [116  57  58  59   6  68  69 179  74  75  76  81  69  19   4]
-92.0160081641: [ 14 131  56 115 116  57  58  59   6  68  69 179  74  75  76]
-92.0000320368: [131  56 115 116  57  58  59   6  68  74  75  76  21 120 121]
-91.9244945321: [16  0 17 18 16 19 20 19 19 19 19 21 22 23 24]
-91.7563861993: [94 95  0 96 97 98  1  2  2  3  5  6  7  8  9]
-91.7563861993: [94 95  0 96 97 98  1  2  2  3  5  6  7  8  9]
-91.7504002134: [ 59   6  68  69 179  74  75  76  81  69  19   4  11  76  21]
-91.6875765943: [19 19 19 19 19 19 19 19 19 19 19 19 19 19 19]

Highest probability sequences
-39.4393949284: [26 32 26 32 40 26 32 27 28 24 26 32 26 32 26]
-39.4393949284: [26 32 26 32 40 26 32 27 28 24 26 32 26 32 26]
-39.4393949284: [26 32 26 32 40 26 32 27 28 24 26 32 26 32 26]
-39.4393949284: [26 32 26 32 40 26 32 27 28 24 26 32 26 32 26]
-39.4393949284: [26 32 26 32 40 26 32 27 28 24 26 32 26 32 26]
-39.4384644028: [26 32 27 28 24 26 32 26 32 40 26 32 26 32 26]
-39.4384644028: [26 32 27 28 24 26 32 26 32 40 26 32 26 32 26]
-39.4379227239: [26 32 27 28 24 26 32 26 32 26 32 40 26 32 26]
-39.4379227239: [26 32 27 28 24 26 32 26 32 26 32 40 26 32 26]
-39.4379227239: [26 32 27 28 24 26 32 26 32 26 32 40 26 32 26]
-39.4379227239: [26 32 27 28 24 26 32 26 32 26 32 40 26 32 26]
-39.4379225422: [26 32 26 32 27 28 24 26 32 26 32 40 26 32 26]
-39.4379225422: [26 32 26 32 27 28 24 26 32 26 32 40 26 32 26]
-39.4376415093: [26 32 26 32 26 32 40 26 32 27 28 24 26 32 26]
-39.4376415093: [26 32 26 32 26 32 40 26 32 27 28 24 26 32 26]
-39.4376415093: [26 32 26 32 26 32 40 26 32 27 28 24 26 32 26]
-39.4376415093: [26 32 26 32 26 32 40 26 32 27 28 24 26 32 26]
-39.4376415093: [26 32 26 32 26 32 40 26 32 27 28 24 26 32 26]
-39.4376415093: [26 32 26 32 26 32 40 26 32 27 28 24 26 32 26]
-39.4376415093: [26 32 26 32 26 32 40 26 32 27 28 24 26 32 26]
-39.4373897354: [26 32 26 32 40 26 32 26 32 27 28 24 26 32 26]
-39.4373897354: [26 32 26 32 40 26 32 26 32 27 28 24 26 32 26]
-39.420800462: [27 28 24 26 32 26 32 26 32 40 26 32 26 32 26]
-39.4207704479: [26 32 26 32 27 28 24 26 32 40 26 32 26 32 26]
-39.4205305727: [26 32 27 28 24 26 32 40 26 32 26 32 26 32 26]
-39.4200112133: [27 28 24 26 32 26 32 26 32 26 32 40 26 32 26]
-39.4199981581: [26 32 26 32 26 32 27 28 24 26 32 40 26 32 26]
-39.4199981581: [26 32 26 32 26 32 27 28 24 26 32 40 26 32 26]
-39.382588068: [26 32 26 32 27 28 24 26 32 26 32 26 32 40 26]
-39.3823406928: [26 32 27 28 24 26 32 26 32 26 32 26 32 40 26]
-39.365570007: [26 32 26 32 26 32 26 32 27 28 24 26 32 40 26]
-39.324293468: [26 32 26 32 26 32 26 32 40 26 32 27 28 24 26]
-39.324293468: [26 32 26 32 26 32 26 32 40 26 32 27 28 24 26]
-39.324293468: [26 32 26 32 26 32 26 32 40 26 32 27 28 24 26]
-39.324293468: [26 32 26 32 26 32 26 32 40 26 32 27 28 24 26]
-39.324293468: [26 32 26 32 26 32 26 32 40 26 32 27 28 24 26]
-39.324293468: [26 32 26 32 26 32 26 32 40 26 32 27 28 24 26]
-39.324293468: [26 32 26 32 26 32 26 32 40 26 32 27 28 24 26]
-39.3239547531: [26 32 26 32 26 32 40 26 32 26 32 27 28 24 26]
-39.3239547531: [26 32 26 32 26 32 40 26 32 26 32 27 28 24 26]
-39.1891339268: [32 26 32 26 32 26 32 40 26 32 26 32 26 32 26]
-39.0733392739: [40 26 32 26 32 26 32 26 32 40 26 32 26 32 26]
-38.4536045411: [26 32 40 26 32 26 32 26 32 26 32 40 26 32 26]
-38.3916417102: [26 32 26 32 40 26 32 26 32 26 32 26 32 40 26]
-37.8373029053: [24 26 32 26 32 26 32 40 26 32 26 32 26 32 26]
-37.8372954476: [24 26 32 26 32 26 32 26 32 40 26 32 26 32 26]
-36.8481702215: [26 32 26 32 26 32 40 26 32 26 32 26 32 26 32]
-36.8481702215: [26 32 26 32 26 32 40 26 32 26 32 26 32 26 32]
-36.8481680656: [26 32 26 32 26 32 26 32 40 26 32 26 32 26 32]
-36.8481680656: [26 32 26 32 26 32 26 32 40 26 32 26 32 26 32]
