Lowest probability sequences
-49.3476096955: [0 1 2 2 3 4 4 5 6 0]
-50.7905535225: [1 2 2 3 4 4 5 6 0 1]
-51.7273991536: [2 2 3 4 4 5 6 0 1 2]
-51.7274269019: [2 3 4 4 5 6 0 1 2 2]
-53.1945141431: [3 4 4 5 6 0 1 2 2 3]
-50.4839300352: [4 4 5 6 0 1 2 2 3 4]
-50.4839362339: [4 5 6 0 1 2 2 3 4 4]
-51.4660671203: [5 6 0 1 2 2 3 4 4 5]
-49.922412301: [6 0 1 2 2 3 4 4 5 6]
-49.3476096955: [0 1 2 2 3 4 4 5 6 0]

Highest probability sequences
-29.3682906588: [24 26 32 26 32 26 32 27 28 24]
-29.0214516011: [26 32 26 32 26 32 27 28 24 26]
-29.0116206178: [32 26 32 26 32 27 28 24 26 32]
-29.0217288309: [26 32 26 32 27 28 24 26 32 26]
-29.0116355818: [32 26 32 27 28 24 26 32 26 32]
-29.0217611684: [26 32 27 28 24 26 32 26 32 26]
-29.0113508844: [32 27 28 24 26 32 26 32 26 32]
-29.9227887496: [27 28 24 26 32 26 32 26 32 27]
-29.7280128467: [28 24 26 32 26 32 26 32 27 28]
-29.3682906588: [24 26 32 26 32 26 32 27 28 24]
