Lowest probability sequences
-98.9162324554: [ 17  18  16  19  20 177 178  56   0  14 131  56 115 116  57]
-98.0232693444: [ 16   0  17  18  16  19  20 177 178  56   0  14 131  56 115]
-97.3890336417: [  0  17  18  16  19  20 177 178  56   0  14 131  56 115 116]
-96.1904823504: [179  74  75  76  81  69  19   4  11  76  21 120 121  19  19]
-95.3556222167: [ 69 179  74  75  76  81  69  19   4  11  76  21 120 121  19]
-94.8418869618: [  6  68  69 179  74  75  76  81  69  19   4  11  76  21 120]
-94.8215433858: [ 18  16  19  20 177 178  56   0  14 131  56 115 116  57  58]
-94.2530146378: [  6  14  16   0  17  18  16  19  20 177 178  56   0  14 131]
-94.0526280945: [ 68  69 179  74  75  76  81  69  19   4  11  76  21 120 121]
-93.712666677: [131  56 115 116  57  58  59   6  68  69 179  74  75  76  81]
-93.5776450988: [ 14  16   0  17  18  16  19  20 177 178  56   0  14 131  56]
-93.3434956072: [  2   2   3   5   6   7   8   9  10   4 100 101  11  12  13]
-93.3434956072: [  2   2   3   5   6   7   8   9  10   4 100 101  11  12  13]
-93.2193012144: [127   6   6  14  16   0  17  18  16  19  20 177 178  56   0]
-93.083579096: [ 96  97  98   1   2   2   3   5   6   7   8   9  10   4 100]
-93.083579096: [ 96  97  98   1   2   2   3   5   6   7   8   9  10   4 100]
-92.8347487342: [95  0 96 97 98  1  2  2  3  5  6  7  8  9 10]
-92.8347487342: [95  0 96 97 98  1  2  2  3  5  6  7  8  9 10]
-92.5452680301: [ 59   6  68  69 179  74  75  76  81  69  19   4  11  76  21]
-92.5373155191: [133  87  88 126 104  92  93  94  95   0 160  97  98   1  99]
-92.3680577331: [115 116  57  58  59   6  68  69 179  74  75  76  81  69  19]
-92.1954972165: [ 87  88 126 104  92  93  94  95   0 160  97  98   1  99   5]
-92.1491164753: [ 88 103  90   4 104  92  93  94  95   0 105  97  98   1  99]
-92.1155863285: [ 0 96 97 98  1  2  2  3  5  6  7  8  9 10  4]
-92.1155863285: [ 0 96 97 98  1  2  2  3  5  6  7  8  9 10  4]
-92.0620892588: [  2   3   5   6   7   8   9  10   4 100 101  11  12  13   6]
-92.0620892588: [  2   3   5   6   7   8   9  10   4 100 101  11  12  13   6]
-91.987636052: [ 58  59   6  68  69 179  74  75  76  81  69  19   4  11  76]
-91.8689652907: [ 98   1   2   2   3   5   6   7   8   9  10   4 100 101  11]
-91.8689652907: [ 98   1   2   2   3   5   6   7   8   9  10   4 100 101  11]
-91.8682478744: [  1   2   2   3   5   6   7   8   9  10   4 100 101  11  12]
-91.8682478744: [  1   2   2   3   5   6   7   8   9  10   4 100 101  11  12]
-91.7989642229: [98  1  2  2  3  5  6  7  8  9 10  4 11 12 13]
-91.7989642229: [98  1  2  2  3  5  6  7  8  9 10  4 11 12 13]
-91.755399167: [ 97  98   1   2   2   3   5   6   7   8   9  10   4 100 101]
-91.755399167: [ 97  98   1   2   2   3   5   6   7   8   9  10   4 100 101]
-91.5754966995: [116  57  58  59   6  68  69 179  74  75  76  81  69  19   4]
-91.4838224289: [ 87  88 103  90   4 104  92  93  94  95   0 105  97  98   1]
-91.4556145355: [ 87  88 126  91  92  93  94  95   0 125  97  98   1  99   5]
-91.3943868331: [103  90   4 104  92  93  94  95   0 105  97  98   1  99   5]
-91.3547959819: [ 16   0  17  18  16  19  20  56   0  14 131  56 115 116  57]
-91.2541477131: [ 74  75  76  81  69  19   4  11  76  21 120 121  19  19  19]
-90.9237336126: [133  87  88 126 134  92  93  94  95   0 135  97 165   1  99]
-90.9164143082: [ 57  58  59   6  68  69 179  74  75  76  81  69  19   4  11]
-90.8779003537: [ 88 126 104  92  93  94  95   0 160  97  98   1  99   5   6]
-90.857061326: [94 95  0 96 97 98  1  2  2  3  5  6  7  8  9]
-90.857061326: [94 95  0 96 97 98  1  2  2  3  5  6  7  8  9]
-90.7930232269: [ 14 127   6   6  14  16   0  17  18  16  19  20 177 178  56]
-90.7683969554: [ 17  18  16  19  20  56   0  14 131  56 115 116  57  58  59]
-90.764422607: [ 87  88 104 126  92  93  95  94   0 105  97  98   1  99   5]

Highest probability sequences
-40.1690705938: [32 26 32 40 26 32 27 28 24 26 32 26 32 26 32]
-40.1690705938: [32 26 32 40 26 32 27 28 24 26 32 26 32 26 32]
-40.1683921364: [32 26 32 27 28 24 26 32 40 26 32 26 32 26 32]
-40.1683917735: [32 26 32 27 28 24 26 32 26 32 40 26 32 26 32]
-40.1683917735: [32 26 32 27 28 24 26 32 26 32 40 26 32 26 32]
-40.1681317001: [32 26 32 27 28 24 26 32 26 32 26 32 40 26 32]
-40.1144421783: [32 26 32 26 32 26 32 40 27 28 24 26 32 26 32]
-40.1144391592: [32 26 32 26 32 40 27 28 24 26 32 26 32 26 32]
-40.1133776408: [32 26 32 40 27 28 24 26 32 26 32 26 32 26 32]
-40.1133776408: [32 26 32 40 27 28 24 26 32 26 32 26 32 26 32]
-40.1133776408: [32 26 32 40 27 28 24 26 32 26 32 26 32 26 32]
-40.0315432833: [32 40 26 32 26 32 27 28 24 26 32 26 32 26 32]
-40.0307925618: [32 40 26 32 27 28 24 26 32 26 32 26 32 26 32]
-39.8028058709: [32 27 28 24 26 32 26 32 40 26 32 26 32 26 32]
-39.8028058709: [32 27 28 24 26 32 26 32 40 26 32 26 32 26 32]
-39.8028051404: [32 27 28 24 26 32 26 32 26 32 40 26 32 26 32]
-39.8028051404: [32 27 28 24 26 32 26 32 26 32 40 26 32 26 32]
-39.8028051404: [32 27 28 24 26 32 26 32 26 32 40 26 32 26 32]
-39.8028051404: [32 27 28 24 26 32 26 32 26 32 40 26 32 26 32]
-39.8028015042: [32 27 28 24 26 32 40 26 32 26 32 26 32 26 32]
-39.802545066: [32 27 28 24 26 32 26 32 26 32 26 32 40 26 32]
-39.667195146: [32 26 32 26 32 26 32 40 26 32 26 32 26 32 52]
-39.6671939411: [32 26 32 26 32 40 26 32 26 32 26 32 26 32 52]
-39.6467039646: [40 27 28 24 26 32 26 32 26 32 26 32 40 26 32]
-39.6467039646: [40 27 28 24 26 32 26 32 26 32 26 32 40 26 32]
-39.6467039646: [40 27 28 24 26 32 26 32 26 32 26 32 40 26 32]
-39.4648632609: [27 28 24 26 32 40 26 32 26 32 26 32 26 32 40]
-39.4560258624: [27 28 24 26 32 26 32 26 32 40 26 32 26 32 27]
-39.4560258624: [27 28 24 26 32 26 32 26 32 40 26 32 26 32 27]
-39.4556368822: [27 28 24 26 32 26 32 26 32 26 32 40 26 32 27]
-39.4556368822: [27 28 24 26 32 26 32 26 32 26 32 40 26 32 27]
-39.4556368822: [27 28 24 26 32 26 32 26 32 26 32 40 26 32 27]
-39.4556368822: [27 28 24 26 32 26 32 26 32 26 32 40 26 32 27]
-38.601489117: [26 32 26 32 40 26 32 26 32 26 32 26 32 40 26]
-38.5983837737: [26 32 40 26 32 26 32 26 32 26 32 40 26 32 26]
-38.5020173943: [32 26 32 40 26 32 26 32 26 32 26 32 40 26 32]
-38.4153092807: [32 26 32 26 32 40 26 32 26 32 26 32 26 32 40]
-38.3645882337: [32 40 26 32 26 32 26 32 26 32 40 26 32 26 32]
-38.1702706812: [27 28 24 26 32 26 32 26 32 40 26 32 26 32 26]
-38.1702600727: [27 28 24 26 32 26 32 26 32 26 32 40 26 32 26]
-38.1221761777: [28 24 26 32 26 32 26 32 40 26 32 26 32 26 32]
-38.122175435: [28 24 26 32 26 32 26 32 26 32 40 26 32 26 32]
-37.7104696009: [24 26 32 26 32 26 32 40 26 32 26 32 26 32 26]
-37.7104695732: [24 26 32 26 32 26 32 26 32 40 26 32 26 32 26]
-37.3814414398: [40 26 32 26 32 26 32 26 32 40 26 32 26 32 26]
-37.2365656988: [26 32 26 32 26 32 26 32 40 26 32 26 32 26 32]
-37.2365656988: [26 32 26 32 26 32 26 32 40 26 32 26 32 26 32]
-37.2365656451: [26 32 26 32 26 32 40 26 32 26 32 26 32 26 32]
-37.2365656451: [26 32 26 32 26 32 40 26 32 26 32 26 32 26 32]
-37.1207060904: [32 26 32 26 32 26 32 40 26 32 26 32 26 32 26]

Bottom 1% probability sequences have a log probability of [ 17  18  16  19  20  56   0  14 131  56 115 116  57  58  59] and looks something like this: -90.7683969554