10 iterations, 2 states, 1000 rows of CMT

Lowest probability sequences
-77.318077602: [ 19 198 199 200   0   0  87 201  89  90]
-77.2238869047: [ 19  19  19  19  19  19  19 198 199 200]
-76.9288804662: [ 19  19 198 199 200   0   0  87 201  89]
-76.2735831656: [205  93  94  95 202 203   0 204  97 205]
-76.0224857589: [ 19  19  19 198 199 200   0   0  87 201]
-76.0153533243: [205   1   2   2 202 203   0 204  97 205]
-75.9751107582: [205   1   2  95 202 203   0 204  97 205]
-75.8606014636: [205   1  94  95 202 203   0 204  97 205]
-75.7089519122: [198 199 200   0   0  87 201  89  90   4]
-75.5135536564: [190   5 129 130  15   6   6 188 189 190]
-75.4875594145: [188 189 190   5 129 130  15   6   6 188]
-75.4731645573: [189 190   5 129 130  15   6   6 188 189]
-75.147328086: [199 200   0   0  87 201  89  90   4 199]
-74.7809589051: [178 177  19  19  70  19  18  16  19 178]
-74.7605074115: [200   0   0  87 201  89  90   4 199 200]
-74.6919193782: [177  19  19  70  19  18  16  19 178 177]
-74.6739817203: [ 19  19  19  19  19  19 198 199 200   0]
-74.3423535066: [202 203   0 204  97 205  93  94  95 202]
-74.3315931192: [204  97 205  93  94  95 202 203   0 204]
-74.3236132233: [203   0 204  97 205  93  94  95 202 203]
-74.0835440324: [202 203   0 204  97 205   1   2   2 202]
-74.0735638093: [204  97 205   1   2   2 202 203   0 204]
-74.0655759272: [203   0 204  97 205   1   2   2 202 203]
-74.0435728731: [202 203   0 204  97 205   1   2  95 202]
-74.0333203468: [204  97 205   1   2  95 202 203   0 204]
-74.0253353842: [203   0 204  97 205   1   2  95 202 203]
-74.015292165: [130  15   6   6 188 189 190   5 129 130]
-73.9566861784: [201  89  90   4 199 200   0   0  87 201]
-73.929491255: [202 203   0 204  97 205   1  94  95 202]
-73.9187432024: [204  97 205   1  94  95 202 203   0 204]
-73.9107634248: [203   0 204  97 205   1  94  95 202 203]
-73.7968457191: [178 177  19  19  70  19  19  70  19 178]
-73.7968457191: [178 177  19  19  70  19  19  70  19 178]
-73.7630821974: [205   1   2   2   3 203   0 204  97 205]
-73.7457588544: [177  19  19  70  19  19  70  19 178 177]
-73.7457588544: [177  19  19  70  19  19  70  19 178 177]
-73.4786601767: [ 18  16  19 178 177  19  19  70  19  18]
-73.4483693701: [178 177  19  19  70  19  19  16  19 178]
-73.3605251158: [177  19  19  70  19  19  16  19 178 177]
-73.357453408: [190   5 129 130   6   6   6 188 189 190]
-73.357453408: [190   5 129 130   6   6   6 188 189 190]
-73.3534030177: [ 70  19  18  16  19 178 177  19  19  70]
-73.3312430315: [188 189 190   5 129 130   6   6   6 188]
-73.3312430315: [188 189 190   5 129 130   6   6   6 188]
-73.3166768739: [189 190   5 129 130   6   6   6 188 189]
-73.3166768739: [189 190   5 129 130   6   6   6 188 189]
-73.1924087138: [129 130  15   6   6 188 189 190   5 129]
-72.7985499622: [ 16  19 178 177  19  19  70  19  18  16]
-72.6966564945: [ 19  19  19  19  19  19  19  19 198 199]
-72.6817640585: [178  16   0  17  18  16  19  20 177 178]

Highest probability sequences
-23.8702038774: [26 32 26 32 26 32 26 26 32 26]
-23.8702038774: [26 32 26 32 26 32 26 26 32 26]
-23.8702038774: [26 32 26 32 26 32 26 26 32 26]
-23.8702038774: [26 32 26 32 26 32 26 26 32 26]
-23.8702038774: [26 32 26 32 26 32 26 26 32 26]
-23.8702038774: [26 32 26 32 26 32 26 26 32 26]
-23.8702038774: [26 32 26 32 26 32 26 26 32 26]
-23.8702038774: [26 32 26 32 26 32 26 26 32 26]
-23.8702038774: [26 32 26 32 26 32 26 26 32 26]
-23.8702038774: [26 32 26 32 26 32 26 26 32 26]
-23.8702038774: [26 32 26 32 26 32 26 26 32 26]
-23.8701859693: [26 32 26 26 32 26 32 26 32 26]
-23.8701859693: [26 32 26 26 32 26 32 26 32 26]
-23.8701859693: [26 32 26 26 32 26 32 26 32 26]
-23.8701859693: [26 32 26 26 32 26 32 26 32 26]
-23.8701859693: [26 32 26 26 32 26 32 26 32 26]
-23.8701859693: [26 32 26 26 32 26 32 26 32 26]
-23.8701859693: [26 32 26 26 32 26 32 26 32 26]
-23.8701859693: [26 32 26 26 32 26 32 26 32 26]
-23.8701859693: [26 32 26 26 32 26 32 26 32 26]
-23.8701859693: [26 32 26 26 32 26 32 26 32 26]
-23.8701859693: [26 32 26 26 32 26 32 26 32 26]
-23.8701859693: [26 32 26 26 32 26 32 26 32 26]
-23.8701859693: [26 32 26 26 32 26 32 26 32 26]
-23.8701859693: [26 32 26 26 32 26 32 26 32 26]
-23.8701859693: [26 32 26 26 32 26 32 26 32 26]
-23.8701859693: [26 32 26 26 32 26 32 26 32 26]
-23.8701859693: [26 32 26 26 32 26 32 26 32 26]
-23.8701859693: [26 32 26 26 32 26 32 26 32 26]
-23.8701859693: [26 32 26 26 32 26 32 26 32 26]
-23.8700149868: [26 32 26 32 26 26 32 26 32 26]
-23.8700149868: [26 32 26 32 26 26 32 26 32 26]
-23.8700149868: [26 32 26 32 26 26 32 26 32 26]
-23.8700149868: [26 32 26 32 26 26 32 26 32 26]
-23.8700149868: [26 32 26 32 26 26 32 26 32 26]
-23.8700149868: [26 32 26 32 26 26 32 26 32 26]
-23.8700149868: [26 32 26 32 26 26 32 26 32 26]
-23.8700149868: [26 32 26 32 26 26 32 26 32 26]
-23.8700149868: [26 32 26 32 26 26 32 26 32 26]
-23.8700149868: [26 32 26 32 26 26 32 26 32 26]
-23.8700149868: [26 32 26 32 26 26 32 26 32 26]
-23.8700149868: [26 32 26 32 26 26 32 26 32 26]
-23.8700149868: [26 32 26 32 26 26 32 26 32 26]
-23.8700149868: [26 32 26 32 26 26 32 26 32 26]
-23.8700149868: [26 32 26 32 26 26 32 26 32 26]
-23.8700149868: [26 32 26 32 26 26 32 26 32 26]
-23.8700149868: [26 32 26 32 26 26 32 26 32 26]
-23.8700149868: [26 32 26 32 26 26 32 26 32 26]
-23.8700149868: [26 32 26 32 26 26 32 26 32 26]
-23.8670677456: [26 32 26 26 26 26 32 32 32 26]
