10 iterations, 2 states, 200 rows, length 15 subsequences

Lowest probability sequences
-100.0944291: [ 70  19  19  19  19  19  19  19 146  19  19  19  19  19  85]
-99.3163365893: [ 19  19  19  19  19  19  19 146  19  19  19  19  19  85  86]
-96.7345876697: [ 19  19  19  19  19  19 146  19  19  19  19  19  85  86   0]
-96.2259845003: [146  19  19  19  19  19  85  86   0   0  87  88 104 126  92]
-96.0555388277: [ 19  70  19  19  19  19  19  19  19 146  19  19  19  19  19]
-95.9673542011: [ 19 146  19  19  19  19  19  85  86   0   0  87  88 104 126]
-95.4085799741: [ 64  19  70  19  19  19  19  19  19  19 146  19  19  19  19]
-95.2580496262: [ 19  19 146  19  19  19  19  19  85  86   0   0  87  88 104]
-94.1691816119: [ 19  19  19  19 146  19  19  19  19  19  85  86   0   0  87]
-94.1660976294: [ 19  19  19  19  19 146  19  19  19  19  19  85  86   0   0]
-94.1234819487: [ 19  19  19 146  19  19  19  19  19  85  86   0   0  87  88]
-92.9634539968: [ 81  69  23  24 117 118  83 112  61  62  74  75  76  64  81]
-92.817177826: [ 74  75  76  64  81  69  23  24 117 118  83 112  61  62  74]
-92.7764916843: [ 75  76  64  81  69  23  24 117 118  83 112  61  62  74  75]
-92.0661905894: [118  83 112  61  62  74  75  76  64  81  69  23  24 117 118]
-92.0135113265: [117 118  83 112  61  62  74  75  76  64  81  69  23  24 117]
-91.7269166513: [ 81  69  23  24 117 118  83 112  28  62  74  75  76  64  81]
-91.5423314794: [ 74  75  76  64  81  69  23  24 117 118  83 112  28  62  74]
-91.5397432098: [ 75  76  64  81  69  23  24 117 118  83 112  28  62  74  75]
-91.5055677053: [ 32  64  19  70  19  19  19  19  19  19  19 146  19  19  19]
-91.3833198057: [102  85  86   0   0  87  88 103  90   4 104  92  93  94  95]
-91.2328512749: [ 64  81  69  23  24 117 118  83 112  61  62  74  75  76  64]
-90.8128062876: [ 81  69  23  24 117 118  83  60  61  62  74  75  76  64  81]
-90.8103783594: [118  83 112  28  62  74  75  76  64  81  69  23  24 117 118]
-90.7802359923: [117 118  83 112  28  62  74  75  76  64  81  69  23  24 117]
-90.7466807017: [ 76  64  81  69  23  24 117 118  83 112  61  62  74  75  76]
-90.6680823591: [ 74  75  76  64  81  69  23  24 117 118  83  60  61  62  74]
-90.6258641121: [ 69  23  24 117 118  83 112  61  62  74  75  76  64  81  69]
-90.625790897: [ 75  76  64  81  69  23  24 117 118  83  60  61  62  74  75]
-90.460583864: [16  0 17 18 16 19 20 19 19 19 19 21 22 23 24]
-90.2213444714: [  6 102  85  86   0   0  87  88 103  90   4 104  92  93  94]
-89.9962830908: [ 64  81  69  23  24 117 118  83 112  28  62  74  75  76  64]
-89.9918183317: [118  83  60  61  62  74  75  76  64  81  69  23  24 117 118]
-89.9389887226: [14 16  0 17 18 16 19 20 19 19 19 19 21 22 23]
-89.9019242395: [ 19  19  19  19  19  85  86   0   0  87  88 104 126  92  93]
-89.8506580933: [117 118  83  60  61  62  74  75  76  64  81  69  23  24 117]
-89.8309374308: [ 81  69  23  24 117 118  83 112  28  24  74  75  76  64  81]
-89.8116761662: [ 62  74  75  76  64  81  69  23  24 117 118  83 112  61  62]
-89.6395995018: [ 75  76  64  81  69  23  24 117 118  83 112  28  24  74  75]
-89.5101580787: [ 76  64  81  69  23  24 117 118  83 112  28  62  74  75  76]
-89.4792966178: [ 23  24 117 118  83 112  61  62  74  75  76  64  81  69  23]
-89.4535122788: [ 19  19  19  19  85  86   0   0  87  88 104 126  92  93  95]
-89.3940430193: [ 61  62  74  75  76  64  81  69  23  24 117 118  83 112  61]
-89.3892624619: [ 69  23  24 117 118  83 112  28  62  74  75  76  64  81  69]
-89.2355729271: [17 18 16 19 20 19 19 19 15  6  6 14 16  0 17]
-89.2078082184: [ 83 112  61  62  74  75  76  64  81  69  23  24 117 118  83]
-89.1793927887: [18 16 19 20 19 19 19 15  6  6 14 16  0 17 18]
-89.122076446: [ 74  75  76  64  81  69  23  24 117 118  83 112  28  24  74]
-89.1182235898: [102  85  86   0  14   0 133  87  88 126 134  92  93  94  95]
-89.0822973584: [ 64  81  69  23  24 117 118  83  60  61  62  74  75  76  64]

Highest probability sequences
-33.0192479363: [26 32 40 26 32 27 28 24 26 32 26 32 26 32 26]
-33.0192479363: [26 32 40 26 32 27 28 24 26 32 26 32 26 32 26]
-33.0192479363: [26 32 40 26 32 27 28 24 26 32 26 32 26 32 26]
-33.0192479363: [26 32 40 26 32 27 28 24 26 32 26 32 26 32 26]
-33.0192479363: [26 32 40 26 32 27 28 24 26 32 26 32 26 32 26]
-33.0192479363: [26 32 40 26 32 27 28 24 26 32 26 32 26 32 26]
-33.0192479363: [26 32 40 26 32 27 28 24 26 32 26 32 26 32 26]
-33.0192479363: [26 32 40 26 32 27 28 24 26 32 26 32 26 32 26]
-33.019247936: [26 32 40 26 32 26 32 27 28 24 26 32 26 32 26]
-33.019247936: [26 32 40 26 32 26 32 27 28 24 26 32 26 32 26]
-33.0192375413: [26 32 26 32 26 32 26 32 40 26 32 27 28 24 26]
-33.0192375413: [26 32 26 32 26 32 26 32 40 26 32 27 28 24 26]
-33.0192375413: [26 32 26 32 26 32 26 32 40 26 32 27 28 24 26]
-33.0192375413: [26 32 26 32 26 32 26 32 40 26 32 27 28 24 26]
-33.0192375413: [26 32 26 32 26 32 26 32 40 26 32 27 28 24 26]
-33.0192375413: [26 32 26 32 26 32 26 32 40 26 32 27 28 24 26]
-33.0192375413: [26 32 26 32 26 32 26 32 40 26 32 27 28 24 26]
-33.0192375413: [26 32 26 32 26 32 26 32 40 26 32 27 28 24 26]
-33.0192375413: [26 32 26 32 26 32 26 32 40 26 32 27 28 24 26]
-33.0192375413: [26 32 26 32 26 32 26 32 40 26 32 27 28 24 26]
-33.0192375413: [26 32 26 32 26 32 26 32 40 26 32 27 28 24 26]
-33.0192375413: [26 32 26 32 26 32 26 32 40 26 32 27 28 24 26]
-33.0192375413: [26 32 26 32 26 32 26 32 40 26 32 27 28 24 26]
-33.0192375413: [26 32 26 32 26 32 26 32 40 26 32 27 28 24 26]
-33.0192375413: [26 32 26 32 26 32 26 32 40 26 32 27 28 24 26]
-33.0192375413: [26 32 26 32 26 32 26 32 40 26 32 27 28 24 26]
-33.0192375413: [26 32 26 32 26 32 26 32 40 26 32 27 28 24 26]
-33.0192375413: [26 32 26 32 26 32 26 32 40 26 32 27 28 24 26]
-33.019237541: [26 32 26 32 26 32 40 26 32 26 32 27 28 24 26]
-33.019237541: [26 32 26 32 26 32 40 26 32 26 32 27 28 24 26]
-33.0190862681: [26 32 27 28 24 26 32 26 32 26 32 26 32 40 26]
-33.0190862681: [26 32 27 28 24 26 32 26 32 26 32 26 32 40 26]
-33.0190862681: [26 32 27 28 24 26 32 26 32 26 32 26 32 40 26]
-33.0190862681: [26 32 27 28 24 26 32 26 32 26 32 26 32 40 26]
-33.0190862681: [26 32 27 28 24 26 32 26 32 26 32 26 32 40 26]
-33.0190862681: [26 32 27 28 24 26 32 26 32 26 32 26 32 40 26]
-33.0190862681: [26 32 27 28 24 26 32 26 32 26 32 26 32 40 26]
-33.0190862681: [26 32 27 28 24 26 32 26 32 26 32 26 32 40 26]
-33.0190862681: [26 32 27 28 24 26 32 26 32 26 32 26 32 40 26]
-33.0190862681: [26 32 27 28 24 26 32 26 32 26 32 26 32 40 26]
-33.0190862681: [26 32 27 28 24 26 32 26 32 26 32 26 32 40 26]
-33.0190862681: [26 32 27 28 24 26 32 26 32 26 32 26 32 40 26]
-33.0190862681: [26 32 27 28 24 26 32 26 32 26 32 26 32 40 26]
-33.0190862681: [26 32 27 28 24 26 32 26 32 26 32 26 32 40 26]
-33.0190862681: [26 32 27 28 24 26 32 26 32 26 32 26 32 40 26]
-33.0190862681: [26 32 27 28 24 26 32 26 32 26 32 26 32 40 26]
-33.0190862681: [26 32 27 28 24 26 32 26 32 26 32 26 32 40 26]
-33.0190862681: [26 32 27 28 24 26 32 26 32 26 32 26 32 40 26]
-33.0190862588: [26 32 26 32 27 28 24 26 32 26 32 26 32 40 26]
-33.0190862588: [26 32 26 32 27 28 24 26 32 26 32 26 32 40 26]
