10 iterations, 4 states, 200 rows

Lowest probability sequences
-71.2350340408: [146  70  19  19  19  19  19  19  19 146]
-68.8407463784: [146  19  19  19  19  19  19  19  19 146]
-68.8407463784: [146  19  19  19  19  19  19  19  19 146]
-68.8407463784: [146  19  19  19  19  19  19  19  19 146]
-68.8407463784: [146  19  19  19  19  19  19  19  19 146]
-68.7346157501: [ 70  19  19  19  19  19  19  19 146  70]
-66.794474695: [ 19  19  19  19 146  70  19  19  19  19]
-66.7941522685: [ 19  19  19  19  19 146  70  19  19  19]
-66.7936831377: [ 19  19  19 146  70  19  19  19  19  19]
-66.7930146534: [ 19  19 146  70  19  19  19  19  19  19]
-66.7923501497: [ 19  19  19  19  19  19 146  70  19  19]
-66.7919413393: [ 19  19  19  19  19  19  19 146  70  19]
-66.7853756403: [ 19 146  70  19  19  19  19  19  19  19]
-66.6935634632: [ 19  19 146  19  19  19  19  19  85  86]
-66.5815264488: [ 19  19  19 146  19  19  19  19  19  85]
-66.4866685893: [ 19  70  19  19  19  19  19  19  19 146]
-66.41788203: [ 70  19  19  19  19  19  19  19 146  19]
-64.4144623153: [ 19 146  19  19  19  19  19  19  19  19]
-64.4144623153: [ 19 146  19  19  19  19  19  19  19  19]
-64.4144623153: [ 19 146  19  19  19  19  19  19  19  19]
-64.4144623153: [ 19 146  19  19  19  19  19  19  19  19]
-64.4110017336: [ 19  19 146  19  19  19  19  19  19  19]
-64.4110017336: [ 19  19 146  19  19  19  19  19  19  19]
-64.4110017336: [ 19  19 146  19  19  19  19  19  19  19]
-64.4110017336: [ 19  19 146  19  19  19  19  19  19  19]
-64.402402535: [ 19  19  19 146  19  19  19  19  19  19]
-64.402402535: [ 19  19  19 146  19  19  19  19  19  19]
-64.402402535: [ 19  19  19 146  19  19  19  19  19  19]
-64.402402535: [ 19  19  19 146  19  19  19  19  19  19]
-64.3972221182: [ 19  19  19  19 146  19  19  19  19  19]
-64.3972221182: [ 19  19  19  19 146  19  19  19  19  19]
-64.3972221182: [ 19  19  19  19 146  19  19  19  19  19]
-64.3972221182: [ 19  19  19  19 146  19  19  19  19  19]
-64.3972221182: [ 19  19  19  19 146  19  19  19  19  19]
-64.393389346: [ 19  19  19  19  19 146  19  19  19  19]
-64.393389346: [ 19  19  19  19  19 146  19  19  19  19]
-64.393389346: [ 19  19  19  19  19 146  19  19  19  19]
-64.393389346: [ 19  19  19  19  19 146  19  19  19  19]
-64.393389346: [ 19  19  19  19  19 146  19  19  19  19]
-64.3909261172: [ 19  19  19  19  19  19  19 146  19  19]
-64.3909261172: [ 19  19  19  19  19  19  19 146  19  19]
-64.3909261172: [ 19  19  19  19  19  19  19 146  19  19]
-64.3909261172: [ 19  19  19  19  19  19  19 146  19  19]
-64.3909261172: [ 19  19  19  19  19  19  19 146  19  19]
-64.3904165557: [ 19  19  19  19  19  19 146  19  19  19]
-64.3904165557: [ 19  19  19  19  19  19 146  19  19  19]
-64.3904165557: [ 19  19  19  19  19  19 146  19  19  19]
-64.3904165557: [ 19  19  19  19  19  19 146  19  19  19]
-64.3904165557: [ 19  19  19  19  19  19 146  19  19  19]
-64.3793394768: [ 19  19  19  19  19  19  19  19 146  19]

Highest probability sequences
-18.9007028934: [32 26 32 32 26 32 26 32 26 32]
-18.9007028934: [32 26 32 32 26 32 26 32 26 32]
-18.9007028934: [32 26 32 32 26 32 26 32 26 32]
-18.9007028934: [32 26 32 32 26 32 26 32 26 32]
-18.9007028934: [32 26 32 32 26 32 26 32 26 32]
-18.9006988644: [32 26 32 26 32 32 26 32 26 32]
-18.9006988644: [32 26 32 26 32 32 26 32 26 32]
-18.9006988644: [32 26 32 26 32 32 26 32 26 32]
-18.9006988644: [32 26 32 26 32 32 26 32 26 32]
-18.9006988644: [32 26 32 26 32 32 26 32 26 32]
-18.9003457079: [26 32 26 26 32 26 32 26 32 26]
-18.9003457079: [26 32 26 26 32 26 32 26 32 26]
-18.9003457079: [26 32 26 26 32 26 32 26 32 26]
-18.9003457079: [26 32 26 26 32 26 32 26 32 26]
-18.9003457079: [26 32 26 26 32 26 32 26 32 26]
-18.9003314198: [26 32 26 32 26 26 32 26 32 26]
-18.9003314198: [26 32 26 32 26 26 32 26 32 26]
-18.9003314198: [26 32 26 32 26 26 32 26 32 26]
-18.9003314198: [26 32 26 32 26 26 32 26 32 26]
-18.9003314198: [26 32 26 32 26 26 32 26 32 26]
-18.9003312986: [26 32 26 32 26 32 26 26 32 26]
-18.9003312986: [26 32 26 32 26 32 26 26 32 26]
-18.9003312986: [26 32 26 32 26 32 26 26 32 26]
-18.9003312986: [26 32 26 32 26 32 26 26 32 26]
-18.9003312986: [26 32 26 32 26 32 26 26 32 26]
-18.9002598794: [26 32 26 32 26 32 26 32 26 26]
-18.9002598794: [26 32 26 32 26 32 26 32 26 26]
-18.9002598794: [26 32 26 32 26 32 26 32 26 26]
-18.9002598794: [26 32 26 32 26 32 26 32 26 26]
-18.9002598794: [26 32 26 32 26 32 26 32 26 26]
-18.9001668678: [26 32 26 32 26 32 26 32 32 26]
-18.9001668678: [26 32 26 32 26 32 26 32 32 26]
-18.9001668678: [26 32 26 32 26 32 26 32 32 26]
-18.9001668678: [26 32 26 32 26 32 26 32 32 26]
-18.9001668678: [26 32 26 32 26 32 26 32 32 26]
-18.9001175009: [26 32 32 26 32 26 32 26 32 26]
-18.9001175009: [26 32 32 26 32 26 32 26 32 26]
-18.9001175009: [26 32 32 26 32 26 32 26 32 26]
-18.9001175009: [26 32 32 26 32 26 32 26 32 26]
-18.9001175009: [26 32 32 26 32 26 32 26 32 26]
-18.9000934894: [26 32 26 32 26 32 32 26 32 26]
-18.9000934894: [26 32 26 32 26 32 32 26 32 26]
-18.9000934894: [26 32 26 32 26 32 32 26 32 26]
-18.9000934894: [26 32 26 32 26 32 32 26 32 26]
-18.9000934894: [26 32 26 32 26 32 32 26 32 26]
-18.9000925927: [26 32 26 32 32 26 32 26 32 26]
-18.9000925927: [26 32 26 32 32 26 32 26 32 26]
-18.9000925927: [26 32 26 32 32 26 32 26 32 26]
-18.9000925927: [26 32 26 32 32 26 32 26 32 26]
-18.9000925927: [26 32 26 32 32 26 32 26 32 26]
