10 iterations, 2 states, first 100 rows of old CMT data

Lowest probability sequences
-66.9570296982: [146  70  19  19  19  19  19  19  19 146]
-64.8362899276: [17 18 16 19 20 19 19 16  0 17]
-64.8114769158: [18 16 19 20 19 19 16  0 17 18]
-64.7952616716: [146  19  19  19  19  19  19  19  19 146]
-64.7952616716: [146  19  19  19  19  19  19  19  19 146]
-64.7952616716: [146  19  19  19  19  19  19  19  19 146]
-64.7952616716: [146  19  19  19  19  19  19  19  19 146]
-64.5896928513: [ 19  19 146  19  19  19  19  19  85  86]
-64.5340683128: [ 70  19  19  19  19  19  19  19 146  70]
-64.4931366585: [131  17  18  16  19  20  56   0  14 131]

Highest probability sequences
-21.8450685259: [26 32 26 32 26 32 26 32 26 26]
-21.8450685259: [26 32 26 32 26 32 26 32 26 26]
-21.8450685259: [26 32 26 32 26 32 26 32 26 26]
-21.8450685259: [26 32 26 32 26 32 26 32 26 26]
-21.8450685259: [26 32 26 32 26 32 26 32 26 26]
-21.8450563888: [26 26 32 26 32 26 32 26 32 26]
-21.8450563888: [26 26 32 26 32 26 32 26 32 26]
-21.8450563888: [26 26 32 26 32 26 32 26 32 26]
-21.8450563888: [26 26 32 26 32 26 32 26 32 26]
-21.8450563888: [26 26 32 26 32 26 32 26 32 26]
