10 iterations, 10 states, 200 rows

Lowest probability sequences
-65.1315505558: [146  70  19  19  19  19  19  19  19 146]
-64.1229299328: [ 81  69  23  24 117 118  75  76  64  81]
-64.0643979273: [ 75  76  64  81  69  23  24 117  74  75]
-64.0577230569: [ 75  76  64  81  69  23  24 117 118  75]
-63.953956103: [ 81  69  23  24 117  74  75  76  64  81]
-63.4605202378: [ 74  75  76  64  81  69  23  24 117  74]
-63.381393839: [117 118  75  76  64  81  69  23  24 117]
-63.331832222: [118  75  76  64  81  69  23  24 117 118]
-63.2780592272: [117  74  75  76  64  81  69  23  24 117]
-62.9331774924: [146  19  19  19  19  19  19  19  19 146]
-62.9331774924: [146  19  19  19  19  19  19  19  19 146]
-62.9331774924: [146  19  19  19  19  19  19  19  19 146]
-62.9331774924: [146  19  19  19  19  19  19  19  19 146]
-62.6371487145: [17 18 16 19 20 19 19 16  0 17]
-62.6104995483: [18 16 19 20 19 19 16  0 17 18]
-62.5814834182: [ 70  19  19  19  19  19  19  19 146  70]
-62.0909468769: [ 19  19 146  19  19  19  19  19  85  86]
-61.9964597593: [74 75 76 64 81 69 23 61 62 74]
-61.9716069341: [75 76 64 81 69 23 61 62 74 75]
-61.9031738496: [81 69 23 61 62 74 75 76 64 81]
-61.7765842867: [ 69  23  24 117 118  75  76  64  81  69]
-61.7145938501: [16 19 20 19 19 16  0 17 18 16]
-61.6860847063: [ 76  64  81  69  23  24 117 118  75  76]
-61.6496520879: [16  0 17 18 16 19 20 19 19 16]
-61.616338451: [131  17  18  16  19  20  56   0  14 131]
-61.6086694177: [ 69  23  24 117  74  75  76  64  81  69]
-61.5522346298: [ 74  75  76  64  81  69  23  24 117 118]
-61.3899411874: [ 76  64  81  69  23  24 117  74  75  76]
-61.2994285779: [ 64  81  69  23  24 117 118  75  76  64]
-61.2915498287: [ 17  18  16  19  20  56   0  14 131  17]
-61.2690243712: [17 18 16 19 20 19 19 19  0 17]
-61.2624822726: [18 16 19 20 19 19 19  0 17 18]
-61.2541765563: [ 23  24 117 118  75  76  64  81  69  23]
-61.2016596643: [ 18  16  19  20  56   0  14 131  17  18]
-61.1963838761: [20 19 19 16  0 17 18 16 19 20]
-61.1098176459: [ 23  24 117  74  75  76  64  81  69  23]
-61.0899253181: [ 64  81  69  23  24 117  74  75  76  64]
-61.0064634965: [17 18 16 19 20 56  0 16  0 17]
-60.9565559865: [18 16 19 20 56  0 16  0 17 18]
-60.8638933257: [ 19  19  19 146  19  19  19  19  19  85]
-60.8607700198: [19 16  0 17 18 16 19 20 19 19]
-60.8392131834: [81 69 60 61 62 74 75 76 64 81]
-60.8353098489: [19 19 16  0 17 18 16 19 20 19]
-60.6536640122: [ 19  19 146  70  19  19  19  19  19  19]
-60.6304784872: [ 19  19  19  19 146  70  19  19  19  19]
-60.6189361324: [ 19  19  19  19  19  19 146  70  19  19]
-60.6161371878: [ 19  70  19  19  19  19  19  19  19 146]
-60.5982952484: [ 19  19  19  19  19 146  70  19  19  19]
-60.5938941499: [ 19  19  19  19  19  19  19 146  70  19]
-60.5830199528: [ 19  19  19 146  70  19  19  19  19  19]

Highest probability sequences
-16.0163829023: [26 32 32 26 32 26 32 26 32 26]
-16.0163829023: [26 32 32 26 32 26 32 26 32 26]
-16.0163829023: [26 32 32 26 32 26 32 26 32 26]
-16.0163829023: [26 32 32 26 32 26 32 26 32 26]
-16.0163829023: [26 32 32 26 32 26 32 26 32 26]
-16.0079617153: [26 32 26 32 26 32 26 32 32 26]
-16.0079617153: [26 32 26 32 26 32 26 32 32 26]
-16.0079617153: [26 32 26 32 26 32 26 32 32 26]
-16.0079617153: [26 32 26 32 26 32 26 32 32 26]
-16.0079617153: [26 32 26 32 26 32 26 32 32 26]
-15.883407037: [32 26 32 26 32 26 32 26 32 32]
-15.883407037: [32 26 32 26 32 26 32 26 32 32]
-15.883407037: [32 26 32 26 32 26 32 26 32 32]
-15.883407037: [32 26 32 26 32 26 32 26 32 32]
-15.883407037: [32 26 32 26 32 26 32 26 32 32]
-15.8511576973: [26 32 26 32 26 26 32 26 32 26]
-15.8511576973: [26 32 26 32 26 26 32 26 32 26]
-15.8511576973: [26 32 26 32 26 26 32 26 32 26]
-15.8511576973: [26 32 26 32 26 26 32 26 32 26]
-15.8511576973: [26 32 26 32 26 26 32 26 32 26]
-15.8484933782: [26 32 26 26 32 26 32 26 32 26]
-15.8484933782: [26 32 26 26 32 26 32 26 32 26]
-15.8484933782: [26 32 26 26 32 26 32 26 32 26]
-15.8484933782: [26 32 26 26 32 26 32 26 32 26]
-15.8484933782: [26 32 26 26 32 26 32 26 32 26]
-15.848144438: [26 32 26 32 26 32 26 26 32 26]
-15.848144438: [26 32 26 32 26 32 26 26 32 26]
-15.848144438: [26 32 26 32 26 32 26 26 32 26]
-15.848144438: [26 32 26 32 26 32 26 26 32 26]
-15.848144438: [26 32 26 32 26 32 26 26 32 26]
-15.7727412463: [32 32 26 32 26 32 26 32 26 32]
-15.7727412463: [32 32 26 32 26 32 26 32 26 32]
-15.7727412463: [32 32 26 32 26 32 26 32 26 32]
-15.7727412463: [32 32 26 32 26 32 26 32 26 32]
-15.7727412463: [32 32 26 32 26 32 26 32 26 32]
-15.6418766854: [26 26 32 26 32 26 32 26 32 26]
-15.6418766854: [26 26 32 26 32 26 32 26 32 26]
-15.6418766854: [26 26 32 26 32 26 32 26 32 26]
-15.6418766854: [26 26 32 26 32 26 32 26 32 26]
-15.6418766854: [26 26 32 26 32 26 32 26 32 26]
-15.6069247226: [26 32 26 32 26 32 26 32 26 26]
-15.6069247226: [26 32 26 32 26 32 26 32 26 26]
-15.6069247226: [26 32 26 32 26 32 26 32 26 26]
-15.6069247226: [26 32 26 32 26 32 26 32 26 26]
-15.6069247226: [26 32 26 32 26 32 26 32 26 26]
-14.3937483478: [26 32 26 32 26 32 26 32 26 32]
-14.3937483478: [26 32 26 32 26 32 26 32 26 32]
-14.3937483478: [26 32 26 32 26 32 26 32 26 32]
-14.3937483478: [26 32 26 32 26 32 26 32 26 32]
-14.3937483478: [26 32 26 32 26 32 26 32 26 32]
